11 0.4319280875455967 0.1697538742023701 0.07298071912454404 0.09183226982680036
8 0.5524387701928088 0.543126709206928 0.1121156852527358 0.6304284412032817
15 0.2656904637832204 0.17350045578851414 0.07298071912454404 0.09183226982680036
5 0.34842105263157896 0.17142206016408387 0.07298071912454404 0.09183226982680036
0 0.3481605002605524 0.2789790337283501 0.07298071912454404 0.09183226982680036
20 0.3516519020323085 0.41837739288969916 0.07298071912454404 0.09183226982680036
7 0.45633142261594584 0.5540747493163173 0.11151120375195414 0.6331084776663628
10 0.556352266805628 0.17436645396536007 0.07298071912454404 0.09183226982680036
18 0.6576185513288171 0.2913764813126709 0.07298071912454404 0.09183226982680036
3 0.7459770713913496 0.18722880583409296 0.07298071912454404 0.09183226982680036
23 0.6579364252214694 0.40340929808568826 0.07298071912454404 0.09183226982680036
13 0.3513392391870766 0.5238559708295351 0.07298071912454404 0.09183226982680036
22 0.35549244398124025 0.6347310847766636 0.07298071912454404 0.09183226982680036
14 0.6499374674309536 0.5196809480401094 0.07298071912454404 0.09183226982680036
21 0.6578738926524231 0.6323154056517776 0.07298071912454404 0.09183226982680036
1 0.6550703491401771 0.7880218778486783 0.07298071912454404 0.09183226982680036
6 0.653970818134445 0.9120510483135825 0.07298071912454404 0.09183226982680036
16 0.7350547159979155 0.9139197812215133 0.07298071912454404 0.09183226982680036
12 0.5715059927045336 0.9144211485870556 0.07298071912454404 0.09183226982680036
9 0.45839499739447626 0.9346855059252506 0.07298071912454404 0.09183226982680036
17 0.36043772798332463 0.8069644484958979 0.07298071912454404 0.09183226982680036
2 0.26203751954142784 0.9268641750227894 0.07298071912454404 0.09183226982680036